10 10
150 150
8
0 0 3 P 0
150 0 6 N
300 0 6 N
450 0 6 N
600 0 6 N
750 0 6 N
900 0 6 N
1050 0 6 N
1200 0 6 N
1350 0 5 P 1
0 150 1 M
150 150 0 N
300 150 0 N
450 150 3 P 2
600 150 6 N
750 150 6 N
900 150 6 N
1050 150 6 N
1200 150 5 P 3
1350 150 1 N
0 300 1 N
150 300 0 N
300 300 0 N
450 300 1 N
600 300 0 N
750 300 0 N
900 300 0 N
1050 300 0 N
1200 300 1 N
1350 300 1 N
0 450 1 N
150 450 0 N
300 450 0 N
450 450 1 N
600 450 0 N
750 450 0 N
900 450 0 N
1050 450 0 N
1200 450 1 N
1350 450 1 N
0 600 1 N
150 600 0 N
300 600 0 N
450 600 1 N
600 600 0 N
750 600 0 N
900 600 0 N
1050 600 0 N
1200 600 4 N
1350 600 2 N
0 750 1 N
150 750 0 N
300 750 0 N
450 750 1 N
600 750 0 N
750 750 0 N
900 750 0 N
1050 750 0 N
1200 750 0 N
1350 750 0 N
0 900 1 N
150 900 0 N
300 900 0 N
450 900 4 P 4
600 900 6 N
750 900 6 N
900 900 6 N
1050 900 6 N
1200 900 6 N
1350 900 5 P 5
0 1050 1 N
150 1050 0 N
300 1050 0 N
450 1050 0 N
600 1050 0 N
750 1050 0 N
900 1050 0 N
1050 1050 0 N
1200 1050 0 N
1350 1050 1 N
0 1200 1 N
150 1200 0 N
300 1200 0 N
450 1200 0 N
600 1200 0 N
750 1200 0 N
900 1200 0 N
1050 1200 0 N
1200 1200 0 N
1350 1200 1 N
0 1350 4 P 6
150 1350 6 N
300 1350 6 N
450 1350 6 N
600 1350 6 N
750 1350 6 N
900 1350 6 N
1050 1350 6 N
1200 1350 6 N
1350 1350 2 P 7
10 10
150 150
16
0 0 3 P 8
150 0 6 N
300 0 6 N
450 0 6 N
600 0 6 N
750 0 6 N
900 0 6 N
1050 0 6 N
1200 0 6 N
1350 0 5 P 9
0 150 1 M
150 150 0 N
300 150 0 N
450 150 3 P 10
600 150 6 N
750 150 6 N
900 150 6 N
1050 150 6 N
1200 150 5 P 11
1350 150 1 N
0 300 1 N
150 300 0 N
300 300 0 N
450 300 1 N
600 300 0 N
750 300 0 N
900 300 0 N
1050 300 0 N
1200 300 1 N
1350 300 1 N
0 450 1 N
150 450 0 N
300 450 0 N
450 450 1 N
600 450 0 N
750 450 0 N
900 450 0 N
1050 450 0 N
1200 450 1 N
1350 450 1 N
0 600 1 N
150 600 0 N
300 600 0 N
450 600 1 N
600 600 0 N
750 600 0 N
900 600 0 N
1050 600 0 N
1200 600 4 N
1350 600 2 N
0 750 1 N
150 750 0 N
300 750 0 N
450 750 1 N
600 750 0 N
750 750 0 N
900 750 0 N
1050 750 0 N
1200 750 0 N
1350 750 0 N
0 900 1 N
150 900 0 N
300 900 0 N
450 900 4 P 12
600 900 6 N
750 900 6 N
900 900 6 N
1050 900 6 N
1200 900 6 N
1350 900 5 P 13
0 1050 1 N
150 1050 0 N
300 1050 0 N
450 1050 0 N
600 1050 0 N
750 1050 0 N
900 1050 0 N
1050 1050 0 N
1200 1050 0 N
1350 1050 1 N
0 1200 1 N
150 1200 0 N
300 1200 0 N
450 1200 0 N
600 1200 0 N
750 1200 0 N
900 1200 0 N
1050 1200 0 N
1200 1200 0 N
1350 1200 1 N
0 1350 4 P 14
150 1350 6 N
300 1350 6 N
450 1350 6 N
600 1350 6 N
750 1350 6 N
900 1350 6 N
1050 1350 6 N
1200 1350 6 N
1350 1350 2 P 15
