8 8
150 150
16
0 0 3 P 1 2
150 0 6 N 1
300 0 6 N 1
450 0 6 N 1
600 0 6 N 1
750 0 6 N 1
900 0 6 N 1
1050 0 5 P 2 3
0 150 1 N 1
150 150 3 P 10 2
300 150 6 N 1
450 150 5 P 9 3
600 150 3 P 4 2
750 150 6 N 1
900 150 6 N 1
1050 150 2 P 3 2
0 300 7 M 4
150 300 1 N 1
300 300 0 N 0
450 300 1 N 1
600 300 1 N 1
750 300 3 P 13 2
900 300 6 N 1
1050 300 5 P 14 3
0 450 1 N 1
150 450 1 N 1
300 450 3 P 7 2
450 450 2 P 8 2
600 450 1 N 1
750 450 1 N 1
900 450 0 N 0
1050 450 1 N 1
0 600 1 N 1
150 600 1 N 1
300 600 4 P 6 3
450 600 6 N 1
600 600 2 P 5 2
750 600 1 N 1
900 600 0 N 0
1050 600 1 N 1
0 750 1 N 1
150 750 1 N 1
300 750 0 N 0
450 750 0 N 0
600 750 0 N 0
750 750 1 N 1
900 750 0 N 0
1050 750 1 N 1
0 900 1 N 1
150 900 4 P 11 3
300 900 6 N 1
450 900 6 N 1
600 900 6 N 1
750 900 2 P 12 2
900 900 0 N 0
1050 900 1 N 1
0 1050 4 P 16 3
150 1050 6 N 1
300 1050 6 N 1
450 1050 6 N 1
600 1050 6 N 1
750 1050 6 N 1
900 1050 6 N 1
1050 1050 2 P 15 2
