10 10
150 150
27
0 0 3 P 0 2
150 0 6 N 1
300 0 6 N 1
450 0 6 N 1
600 0 5 P 1 2
750 0 3 P 2 2
900 0 6 P 3 1
1050 0 6 N 1
1200 0 6 N 1
1350 0 5 P 4 2
0 150 1 M 1
150 150 0 N 0
300 150 0 N 0
450 150 0 N 0
600 150 4 P 5 3
750 150 2 P 6 3
900 150 0 N 0
1050 150 0 N 0
1200 150 0 N 0
1350 150 1 N 1
0 300 1 N 1
150 300 3 P 7 3
300 300 6 N 1
450 300 6 N 1
600 300 6 N 1
750 300 6 N 1
900 300 5 P 8 3
1050 300 0 N 0
1200 300 0 N 0
1350 300 1 N 1
0 450 1 N 1
150 450 1 N 1
300 450 3 P 9 2
450 450 6 N 1
600 450 5 P 10 2
750 450 0 N 0
900 450 4 P 11 2
1050 450 6 N 1
1200 450 6 N 1
1350 450 2 P 12 2
0 600 1 N 1
150 600 1 N 1
300 600 1 N 1
450 600 3 P 13 3
600 600 2 P 14 2
750 600 0 N 0
900 600 0 N 0
1050 600 3 P 15 2
1200 600 6 N 1
1350 600 5 P 16 2
0 750 1 N 1
150 750 1 N 1
300 750 1 N 1
450 750 1 N 1
600 750 3 P 17 2
750 750 6 N 1
900 750 6 N 1
1050 750 2 P 18 3
1200 750 0 N 0
1350 750 1 N 1
0 900 1 N 1
150 900 4 P 19 3
300 900 2 P 20 3
450 900 1 N 1
600 900 4 P 21 2
750 900 6 N 1
900 900 6 P 22 1
1050 900 5 N 3
1200 900 0 N 0
1350 900 1 N 1
0 1050 1 N 1
150 1050 0 N 0
300 1050 0 N 0
450 1050 1 N 1
600 1050 0 N 0
750 1050 0 N 0
900 1050 0 N 0
1050 1050 1 N 1
1200 1050 0 N 0
1350 1050 1 N 1
0 1200 1 N 1
150 1200 0 N 0
300 1200 0 N 0
450 1200 4 P 23 3
600 1200 6 N 1
750 1200 6 N 1
900 1200 6 N 1
1050 1200 2 P 24 3
1200 1200 0 N 0
1350 1200 1 N 1
0 1350 4 P 25 2
150 1350 6 N 1
300 1350 6 N 1
450 1350 6 N 1
600 1350 6 N 1
750 1350 6 N 1
900 1350 6 N 1
1050 1350 6 N 1
1200 1350 6 N 1
1350 1350 2 P 26 2